Depth = 4
Player:  [1, 6, 2, 5, 5, 3, 4, 3, 7, 6, 3, 5, 1, 1, 4, 1, 2, 4, 6, 7, 7]
AI:  [4, 3, 2, 5, 4, 4, 6, 7, 3, 5, 5, 3, 1, 2, 1, 2, 2, 6, 6, 7, 7]
Result : It's a tie!

Date : 2023-11-21 21:59:13.310809
Depth: 4
Player: [3, 3, 3, 3, 4, 4, 4]
AI: [2, 3, 6, 1, 2, 2, 2]
Winner: AI wins!

Date : 2023-11-21 22:00:08.815798
Depth: 3
Player: [2, 4, 3, 3, 5, 5]
AI: [4, 2, 4, 3, 4, 1]
Winner: AI wins!

Date : 2023-11-21 22:10:07.745339
Depth: 6
Player: [1, 7, 5, 6, 7, 7, 6, 5, 3, 1, 6, 1, 3, 3, 5, 4, 4, 2, 2, 2, 4]
AI: [3, 6, 6, 5, 7, 6, 7, 5, 3, 1, 1, 7, 3, 1, 5, 4, 2, 2, 2, 4, 4]
Winner: It's a tie!

Date : 2023-11-22 01:29:40.237767
Depth: 6
Player: [1, 3, 5, 7, 6, 5, 3, 2, 4, 5, 7, 4, 1, 1, 4, 2]
AI: [3, 3, 5, 3, 4, 3, 5, 4, 4, 7, 1, 1, 1, 2, 2, 6]
Winner: AI wins!

Date : 2023-11-22 01:30:49.051719
Depth: 1
Player: [1, 4, 3, 3, 5, 4, 3, 6, 6, 6, 2]
AI: [1, 2, 5, 3, 4, 3, 4, 2, 6, 2, 4]
Winner: AI wins!

Date : 2023-11-22 01:31:06.470835
Depth: 2
Player: [1, 3, 5, 7, 1, 4, 5]
AI: [1, 2, 6, 1, 3, 4, 2]
Winner: AI wins!

Date : 2023-11-22 01:31:27.509541
Depth: 2
Player: [2, 4, 6, 5, 1, 4, 3, 3]
AI: [1, 5, 5, 1, 2, 4, 4, 3]
Winner: AI wins!

Date : 2023-11-22 01:33:00.527227
Depth: 2
Player: [2, 4, 6, 7, 7, 4, 5, 5, 5, 4, 6, 6, 1, 2, 7, 3, 2, 3, 3, 7, 1]
AI: [1, 5, 5, 6, 7, 4, 3, 4, 5, 6, 6, 1, 3, 2, 7, 4, 2, 3, 2, 1]
Winner: Player wins!

Date : 2023-11-22 01:33:26.924411
Depth: 3
Player: [1, 2, 4, 6, 1, 4]
AI: [1, 2, 3, 2, 2, 2]
Winner: AI wins!

Date : 2023-11-22 01:34:10.342816
Depth: 4
Player: [1, 3, 6, 4, 6, 4, 6, 1, 1, 2, 5]
AI: [4, 4, 4, 6, 4, 6, 6, 1, 5, 5, 3]
Winner: AI wins!

Date : 2023-11-22 01:35:39.009840
Depth: 4
Player: [1, 3, 4, 6, 2, 1, 1, 5, 7, 3, 3, 5, 4, 7, 7, 7, 5, 5, 2, 6, 6]
AI: [4, 4, 2, 2, 3, 1, 5, 5, 2, 3, 4, 4, 3, 7, 1, 7, 1, 2, 6, 6, 6]
Winner: It's a tie!

Date : 2023-11-22 01:35:55.820737
Depth: 3
Player: [2, 6, 3, 2, 3, 3]
AI: [4, 1, 4, 2, 4, 4]
Winner: AI wins!

Date : 2023-11-22 01:36:40.839158
Depth: 4
Player: [1, 1, 7, 7, 7, 7, 1, 3, 6]
AI: [4, 1, 4, 7, 1, 1, 3, 5, 2]
Winner: AI wins!

Date : 2023-11-22 01:37:00.623755
Depth: 4
Player: [3, 4, 4, 7, 1, 3, 5]
AI: [2, 4, 6, 4, 3, 1, 2]
Winner: AI wins!

Date : 2023-11-22 01:37:29.596309
Depth: 4
Player: [1, 1, 3, 2, 4, 3, 2, 5, 3]
AI: [4, 1, 4, 4, 2, 3, 2, 1, 1]
Winner: AI wins!

Date : 2023-11-22 01:37:53.469927
Depth: 3
Player: [6, 3, 5, 4, 7, 5, 3]
AI: [4, 4, 4, 6, 5, 1, 7]
Winner: AI wins!

Date : 2023-11-22 12:03:46.636943
Depth: 4
Player: [1, 4, 3, 2, 3, 2, 2, 4, 1]
AI: [4, 2, 2, 4, 3, 3, 2, 3, 3]
Winner: AI wins!

Date : 2023-11-25 13:54:18.906288
Depth: 3
Player: [5, 5, 7, 7, 7, 4, 4, 6, 6, 6, 1, 1, 2, 2, 3, 3, 3, 3]
AI: [2, 5, 6, 6, 7, 4, 5, 6, 1, 1, 1, 1, 2, 2, 2, 3, 3, 4]
Winner: AI wins!

Date : 2024-11-26 00:17:09.218304
Depth: 3
Player: [3, 5, 6, 1, 1, 1, 1, 2, 2, 2, 3, 3, 4, 4, 5, 5]
AI: [1, 2, 4, 4, 3, 1, 5, 4, 2, 2, 3, 3, 5, 4, 5, 6]
Winner: AI wins!

